0,0.0009830727,0.9987257,0.00029123685
1,0.99996686,1.7404739e-06,3.1402695e-05
2,0.99492186,0.005077685,4.78042e-07
3,0.99962914,0.00033946717,3.139556e-05
4,0.99977654,0.00017814564,4.534894e-05
5,0.99808854,0.0015456302,0.00036571213
6,0.0012921805,0.9986784,2.9398772e-05
7,0.00015153573,0.9998455,2.90591e-06
8,0.00010769653,0.99985886,3.3397395e-05
9,0.9999925,1.9083377e-08,7.5336925e-06
10,0.99869126,0.0013084833,2.8701552e-07
11,0.00025668065,4.4227974e-05,0.9996991
12,0.0025067225,0.9974606,3.265017e-05
13,0.99995804,3.7258556e-05,4.627345e-06
14,0.9999975,2.5475185e-06,3.950557e-08
15,3.9117833e-08,0.99999905,9.2978064e-07
16,5.2553973e-05,1.5843318e-05,0.9999316
17,0.99999225,7.738907e-06,4.5926082e-08
18,0.9999708,2.4132974e-06,2.6777185e-05
19,0.0012847454,0.9986994,1.5816946e-05
20,0.9942305,0.0044410443,0.0013285482
21,0.99995685,4.377911e-06,3.8684757e-05
22,3.7177237e-05,0.99995124,1.1519683e-05
23,0.00080236304,0.9987913,0.00040633557
24,0.00012938652,0.99984825,2.2335495e-05
25,0.9999503,4.9664493e-05,2.437439e-10
26,2.8663017e-05,0.9999713,6.5263257e-09
27,0.000105129446,1.4468665e-06,0.9998934
28,0.0006050041,0.99938667,8.293526e-06
29,0.9994609,0.00023952185,0.00029970886
30,0.9999845,1.4353343e-05,1.1551327e-06
31,0.99876094,0.0007943296,0.00044468624
32,0.999954,3.409236e-05,1.1929837e-05
33,0.99996734,3.0443489e-05,2.2546753e-06
34,3.4614735e-05,2.1583387e-06,0.9999633
35,0.99990237,9.686044e-05,7.5852887e-07
36,0.00024394465,0.9997559,1.1725154e-07
37,0.9994178,0.00058071426,1.5875754e-06
38,2.2230139e-05,0.00018352026,0.9997942
39,1.8240886e-06,2.2791041e-06,0.99999595
40,0.99989474,5.631884e-05,4.8987393e-05
41,8.803591e-07,1.1466088e-07,0.99999905
42,0.00034989355,0.99935013,0.00029996273
43,0.00011235456,0.9998876,1.4447978e-08
44,0.99998426,1.5622421e-05,1.760912e-07
45,0.99968004,7.646257e-06,0.0003123775
46,2.6903072e-05,0.9999596,1.3467318e-05
47,0.9999957,4.3101227e-06,3.4947636e-08
48,0.99999964,5.227795e-11,3.5961992e-07
49,0.9997037,2.9217276e-06,0.00029327438
50,0.99970824,0.0002909429,8.380538e-07
51,0.9991266,0.0008026642,7.076184e-05
52,0.0002038173,0.99979085,5.358508e-06
53,0.99997246,1.032171e-05,1.714738e-05
54,0.9999474,5.2614385e-05,2.7627706e-08
55,1.0,4.9492087e-08,5.9280723e-08
56,0.99978954,0.00020852606,1.890162e-06
57,4.9210166e-07,0.9999995,3.3827459e-09
58,7.10447e-05,0.9999037,2.5293219e-05
59,1.0,2.5444182e-09,1.1044429e-10
60,1.1862036e-06,0.9996872,0.0003116855
61,0.99999833,1.6773862e-06,4.839285e-08
62,0.99727947,0.0026563786,6.424566e-05
63,0.9996112,0.00038877295,5.757029e-08
64,0.0023607044,0.99709976,0.00053962355
65,0.9999989,1.0784213e-06,7.137585e-12
66,0.99996114,2.07117e-05,1.812889e-05
67,0.9999906,2.7542637e-06,6.6378357e-06
68,1.3173909e-05,0.99998474,2.0708012e-06
69,0.99940836,0.00025491838,0.00033664698
70,0.9995327,0.00044940657,1.7928358e-05
71,0.999223,4.221196e-06,0.0007728856
72,0.9994436,0.00055521383,1.1598689e-06
73,0.99915624,0.00079256576,5.1211213e-05
74,2.1934251e-07,2.5305066e-10,0.99999976
75,0.9997385,0.00025458902,6.951542e-06
76,0.0001529163,0.99983776,9.342002e-06
77,7.934587e-05,0.99935275,0.0005679007
78,2.6366192e-06,0.99998856,8.782505e-06
79,0.99997544,1.3857375e-05,1.0686807e-05
80,0.00013975485,0.9996406,0.00021965503
81,0.99996305,7.029484e-06,2.9866462e-05
82,0.00023932218,3.9104616e-05,0.9997216
83,0.9998085,6.168041e-05,0.00012983709
84,0.00036667477,0.99963164,1.6561191e-06
85,0.99998784,5.5241658e-06,6.696434e-06
86,2.0585734e-05,0.999821,0.00015843024
87,5.2137177e-05,0.99994767,2.524815e-07
88,0.99902856,0.00021537853,0.0007561547
89,0.99981576,1.0414051e-06,0.00018319982
90,3.07548e-05,0.99995124,1.7982313e-05
91,6.9919424e-06,0.9999869,6.1434225e-06
92,0.00059764984,0.99939394,8.351455e-06
93,0.99999344,6.528186e-06,2.3316842e-08
94,0.99993193,1.15330695e-05,5.6500518e-05
95,6.181375e-06,0.999979,1.4804551e-05
96,0.9997254,0.00016201042,0.00011265089
97,0.9999827,3.8579205e-07,1.6983557e-05
98,0.00035441312,2.0524742e-07,0.99964535
99,0.99998426,1.5044582e-05,7.1367424e-07
100,0.00015003062,0.9996884,0.00016165378
101,9.1979375e-05,0.9999076,4.046693e-07
102,0.99993765,6.237425e-05,3.8439584e-08
103,0.0007996975,0.99906117,0.00013909268
104,0.9923604,0.006183539,0.0014560753
105,5.322892e-10,1.0,2.3617376e-08
106,1.5951454e-07,2.418721e-09,0.9999999
107,0.9997503,0.00022833692,2.1346224e-05
108,0.9976591,0.002340941,3.0602603e-08
109,0.99985623,0.00014377593,1.0631563e-08
110,4.155635e-05,0.9979772,0.0019813152
111,0.00011320785,0.9998803,6.4455767e-06
112,0.99999964,3.7895114e-07,1.3732602e-08
113,3.558169e-07,1.8751921e-08,0.99999964
114,0.99999964,3.7423703e-07,3.592588e-08
115,2.6703872e-06,0.99999726,4.3514678e-08
116,0.9999757,3.006091e-06,2.137848e-05
117,0.00048765866,0.99949956,1.2811478e-05
118,0.9998085,6.4073306e-06,0.00018514546
119,2.104428e-05,7.9820586e-07,0.99997807
120,0.00039239082,0.9995671,4.0534327e-05
121,0.99999845,1.561541e-06,9.620847e-10
122,0.0002860617,0.999684,3.0001414e-05
123,3.1968e-05,1.8463172e-06,0.99996626
124,0.99812156,0.00015767888,0.0017207476
125,3.3080105e-06,8.925315e-05,0.9999074
126,0.0005793284,0.9993573,6.338745e-05
127,7.631626e-06,0.99998975,2.623059e-06
128,0.000113290764,0.9996226,0.00026415277
129,0.9993327,0.00017285504,0.00049442885
130,0.99999976,2.8904077e-07,1.11247145e-08
131,2.7871047e-06,3.906784e-06,0.9999933
132,8.005387e-06,0.9999919,5.4923124e-08
133,0.9999027,9.586367e-05,1.4229747e-06
134,0.00023822446,0.9993168,0.0004449454
135,0.99874544,0.0012545795,2.8097295e-08
136,0.0007332303,0.99852693,0.00073976803
137,0.9999597,3.998402e-05,3.120856e-07
138,0.9999529,2.2117204e-07,4.6873996e-05
139,0.00011586164,0.9995981,0.00028612468
140,0.99992645,5.140361e-05,2.2157725e-05
141,0.99995327,2.8706136e-05,1.798175e-05
142,0.9995492,0.00045067456,6.545573e-08
143,2.1608797e-05,7.595872e-07,0.9999777
144,0.00018039979,0.999764,5.5577355e-05
145,4.375714e-05,2.1657945e-07,0.999956
146,0.0013707926,0.9985734,5.5811084e-05
147,0.0001647038,0.99981123,2.403392e-05
148,0.9999981,5.960763e-07,1.3699372e-06
149,0.9998355,0.00014300253,2.144268e-05
150,4.8787545e-08,0.9999999,1.1549332e-08
151,0.00058013806,0.99933285,8.702846e-05
152,2.7547172e-05,0.9999716,7.832729e-07
153,0.9996767,1.3263703e-05,0.00031010222
154,0.9950104,0.004940176,4.9411938e-05
155,0.0012279169,0.9986689,0.000103153005
156,0.000109721,0.9998809,9.357127e-06
157,9.979106e-06,0.99999,4.767101e-08
158,0.00023470432,0.9997639,1.3713911e-06
159,0.9997297,0.00024848114,2.176835e-05
160,0.0005167296,0.9994647,1.859947e-05
161,4.683816e-06,5.4383102e-09,0.99999535
162,3.8706035e-06,0.99999607,7.479487e-09
163,0.00023114074,0.9996859,8.2982515e-05
164,2.725727e-07,2.1575921e-08,0.99999976
165,2.3767778e-05,0.9999751,1.0940499e-06
166,7.4262985e-05,0.9999145,1.1250636e-05
167,4.0928677e-05,7.617568e-08,0.999959
168,0.9997868,0.00021169944,1.5157423e-06
169,3.761751e-05,0.9999378,2.462905e-05
170,6.4197986e-05,3.4462262e-06,0.9999323
171,0.9997253,0.00024307145,3.1542735e-05
172,0.999979,1.2515367e-05,8.4463745e-06
173,1.693697e-06,3.784936e-06,0.9999945
174,7.203445e-05,0.99851257,0.0014154075
175,0.00035295615,0.9992717,0.00037536334
176,0.9995223,0.00042874092,4.894664e-05
177,0.00019091138,0.9998087,4.19989e-07
178,0.99987924,7.799679e-05,4.2806958e-05
179,0.99992716,5.4314205e-05,1.8457917e-05
180,0.00033475462,0.9996506,1.462028e-05
181,0.9999399,5.987832e-05,2.5648686e-07
182,0.9997652,0.00023382371,9.4390737e-07
183,1.4546815e-06,0.99999785,6.778199e-07
184,5.747068e-05,0.99994254,1.6572267e-08
185,0.9998628,0.00013266128,4.5002766e-06
186,0.99999857,1.3715562e-06,9.314696e-10
187,0.0005556653,0.9994324,1.194451e-05
188,0.9994191,0.0005808017,7.0121324e-08
189,0.9997423,0.0002572098,5.2760186e-07
190,6.6724824e-06,2.9000294e-08,0.9999933
191,0.9891192,0.010360242,0.00052061735
192,2.0963226e-07,1.2030377e-07,0.99999964
193,0.9965456,0.0032012085,0.00025317472
194,0.99996376,1.835639e-05,1.7930259e-05
195,4.321235e-05,0.00034974175,0.999607
196,4.6930754e-06,8.807808e-09,0.99999535
197,1.6653512e-05,0.9999716,1.1687924e-05
198,0.9378747,0.021165973,0.040959343
199,0.99998736,1.2423027e-05,1.9891567e-07
200,0.99999714,6.2888415e-07,2.2386132e-06
201,1.8682134e-05,0.9999813,5.0736755e-08
202,0.999343,0.00029078222,0.00036618958
203,0.9999987,1.2352986e-06,7.829913e-08
204,0.00020796827,0.9996612,0.00013086371
205,0.9999951,3.3818521e-06,1.5070844e-06
206,0.0007366191,0.9990876,0.00017585944
207,0.9985267,0.0007173763,0.00075586425
208,0.9995128,0.00029789723,0.0001892826
209,0.99998,2.6316627e-08,2.0054373e-05
210,0.00022312242,0.9995969,0.00017994492
211,0.99793327,0.0020387794,2.796338e-05
212,0.999752,0.00023363918,1.44160385e-05
213,0.0010196577,0.99861073,0.0003695735
214,4.0465977e-05,1.2463566e-06,0.9999584
215,0.9999999,6.38017e-08,1.5093762e-09
216,0.99573755,0.0042008543,6.165387e-05
217,1.7921562e-05,0.99997747,4.581407e-06
218,0.00012624788,0.9998733,4.6748525e-07
219,0.99952686,0.00047318725,2.170375e-08
220,0.00012232478,5.4871743e-06,0.9998722
221,0.9999492,4.418022e-05,6.5467375e-06
222,0.99998844,3.0689098e-06,8.491304e-06
223,0.99998665,4.263609e-06,9.024864e-06
224,0.99955755,0.00022180972,0.00022071606
225,0.0006229303,0.9993374,3.9662922e-05
226,7.015053e-05,0.9999244,5.426815e-06
227,0.99986315,8.818793e-06,0.00012797605
228,0.9999895,9.007783e-07,9.533374e-06
229,0.9951492,0.0002203512,0.004630467
230,0.00010131863,0.9989882,0.0009104539
231,0.9996674,0.00025464423,7.799603e-05
232,0.9997863,0.00021269012,9.981903e-07
233,0.9999951,4.17082e-06,7.409556e-07
234,0.9999999,1.2475195e-07,2.2432266e-10
235,0.001141355,0.9988367,2.1905358e-05
236,0.00066418055,0.9991497,0.00018613721
237,0.00013882361,0.99985373,7.4141876e-06
238,0.9998919,1.2380926e-06,0.00010697003
239,2.9595692e-05,0.99996996,4.053423e-07
240,0.9999685,8.9653946e-07,3.0546915e-05
241,0.99961287,0.00031873444,6.835293e-05
242,1.5065103e-07,0.999998,1.8562168e-06
243,2.5498919e-05,0.9999745,9.533598e-09
244,0.00030304075,0.99969506,1.90779e-06
245,9.270821e-06,0.9999882,2.4768713e-06
246,0.99991417,6.868197e-06,7.889344e-05
247,0.0001032273,0.99988866,8.098028e-06
248,0.99686277,0.002795096,0.00034207077
249,2.1940036e-06,0.99999595,1.9145002e-06
250,0.0005093605,0.9993579,0.00013275853
251,0.00028094766,1.2674931e-05,0.99970645
252,0.99998677,1.0450143e-05,2.6821838e-06
253,7.102115e-05,0.99992895,2.9561008e-08
254,0.9989968,0.0009903195,1.290453e-05
255,4.356129e-05,0.9999542,2.2455388e-06
256,0.9988304,0.0008493722,0.00032024903
257,7.667661e-06,0.999992,3.2568926e-07
258,5.9515623e-06,0.9999349,5.9164337e-05
259,0.9997547,6.0532357e-06,0.00023920939
260,2.5182215e-05,0.9999523,2.248298e-05
261,0.99982196,7.038644e-05,0.00010766369
262,6.525517e-05,0.9999293,5.4812845e-06
263,0.99850744,0.0014284889,6.401316e-05
264,0.0001041392,0.9989454,0.0009504258
265,0.0015792596,0.9983999,2.0792895e-05
266,0.99995995,4.001974e-05,4.9672855e-10
267,5.223751e-07,0.99999344,5.9817e-06
268,6.0147922e-05,2.0395173e-07,0.99993956
269,0.000753516,0.99924386,2.6621196e-06
270,0.99994373,9.9717985e-09,5.6250425e-05
271,0.00020937106,0.9997899,7.7260705e-07
272,0.00013410892,0.9998344,3.1487718e-05
273,3.8274095e-05,2.1824982e-05,0.9999399
274,0.9996749,7.3476134e-05,0.0002515868
275,4.5937522e-05,0.99995375,2.9605656e-07
276,5.2912706e-05,0.000121051286,0.999826
277,0.9997975,5.096822e-05,0.00015152714
278,0.9986272,0.0013547732,1.8099543e-05
279,1.0,1.7914763e-08,3.7789634e-13
280,4.6443998e-05,7.259134e-08,0.9999534
281,0.0003505155,0.9996449,4.559032e-06
282,0.9994518,0.00054792996,1.9915944e-07
283,0.00045486243,0.99922264,0.000322493
284,0.99999404,1.803969e-06,4.168497e-06
285,0.9964477,0.0018122473,0.0017400561
286,0.99999344,3.3908745e-07,6.215554e-06
287,0.99921536,0.0007730301,1.1585767e-05
288,0.9999075,7.97862e-05,1.2742814e-05
289,0.99999774,2.1177116e-06,1.1788611e-07
290,4.2971427e-05,0.9999355,2.1530213e-05
291,0.9996024,0.00039380265,3.7865486e-06
292,1.2618149e-06,0.9999987,5.55422e-08
293,9.148461e-07,0.9992035,0.0007956307
294,0.00024340661,9.727777e-07,0.9997557
295,0.99977607,0.0001468375,7.712875e-05
296,1.4331326e-06,0.9999968,1.8338999e-06
297,5.4272332e-05,0.9994709,0.00047486494
298,6.958011e-06,1.6056181e-06,0.99999154
299,0.9996076,0.00014057256,0.00025179284
300,0.00013358475,5.657993e-06,0.99986076
301,0.9992667,0.00018226769,0.0005510987
302,0.99879164,0.0012079093,5.2609425e-07
303,1.6308011e-05,1.6634344e-06,0.999982
304,0.00033600297,0.999663,9.831355e-07
305,0.9998275,4.3517364e-05,0.00012900741
306,2.7229435e-05,0.99995637,1.6351196e-05
307,8.866091e-05,0.9998016,0.00010979603
308,3.6253553e-08,0.9999982,1.6931655e-06
309,0.99999976,2.3437021e-08,1.8837555e-07
310,0.000112211404,3.736514e-05,0.9998505
311,0.00021131862,0.9997887,5.2117777e-08
312,1.2796801e-05,1.4415305e-06,0.9999858
313,0.9999958,4.2039883e-06,3.17449e-08
314,0.00035812243,0.9996419,1.6966111e-09
315,0.99996805,2.1997575e-05,9.941367e-06
316,2.2906697e-05,0.99938107,0.0005959867
317,0.99994457,3.1178013e-05,2.4215395e-05
318,0.99977845,1.8567582e-06,0.00021965662
319,0.00027266343,8.459419e-06,0.99971884
320,0.99999833,1.6707352e-06,3.5808714e-08
321,0.9999882,1.1071271e-05,7.0478353e-07
322,7.422308e-05,0.9999225,3.2491143e-06
323,6.626448e-05,0.00013381592,0.9997999
324,0.9997613,8.940558e-06,0.00022981867
325,0.9999163,7.709897e-05,6.4983274e-06
326,0.00033910826,0.9996481,1.2828679e-05
327,1.0,7.46834e-09,9.618904e-09
328,0.99962854,0.00020875654,0.0001627181
329,2.4406367e-05,1.944313e-05,0.99995613
330,0.00014783318,0.99964476,0.00020743896
331,0.9987092,0.00022158744,0.0010692755
332,9.22097e-05,0.9999062,1.6222045e-06
333,0.9999553,3.715973e-05,7.5427506e-06
334,5.2125518e-08,1.891268e-05,0.99998105
335,4.0352706e-06,0.99999595,1.0874324e-09
336,0.99995697,4.0247967e-05,2.6853133e-06
337,0.99999046,2.940074e-06,6.6063026e-06
338,0.0003380118,1.7651506e-07,0.9996619
339,0.00036005268,0.9996358,4.101118e-06
340,0.00027467604,0.9997241,1.1894512e-06
341,0.9999808,1.9180523e-05,6.7187016e-09
342,0.99995124,4.3077063e-05,5.6695135e-06
343,3.7808911e-06,4.8128905e-09,0.9999962
344,0.99966705,9.804074e-05,0.00023493082
345,0.9991673,0.00082063355,1.1976926e-05
346,0.00026989472,0.99972075,9.322407e-06
347,0.9987255,0.0012584773,1.6094726e-05
348,0.99995744,2.7453574e-05,1.5174567e-05
349,7.2921015e-05,2.0673251e-05,0.9999064
350,9.187565e-06,0.9999757,1.5115035e-05
351,0.998161,0.0018294574,9.459724e-06
352,4.3465707e-06,2.20724e-07,0.99999547
353,0.9956934,0.0043064784,6.6412056e-08
354,1.3816077e-05,8.366375e-07,0.99998534
355,0.00024243575,0.9997558,1.7745097e-06
356,0.99955124,0.00044749674,1.1385952e-06
357,5.357923e-05,1.2455596e-06,0.9999453
358,2.683215e-05,3.1521058e-06,0.9999701
359,3.759419e-05,0.9999604,1.9634513e-06
360,0.99999857,1.4321215e-06,1.3168856e-10
361,0.999616,0.00035009882,3.3829165e-05
362,0.0003218609,1.9507117e-07,0.9996779
363,0.0003194251,0.9996803,3.5824868e-07
364,1.4240588e-06,0.99999857,4.4279396e-08
365,1.0,4.6307484e-08,4.011069e-10
366,0.00047634158,7.374873e-05,0.9994499
367,8.91339e-06,4.799823e-08,0.99999106
368,2.2294888e-09,1.0,1.2212706e-08
369,0.9993305,0.0006692078,3.5488904e-07
370,0.9998841,0.00011568975,6.360357e-08
371,8.01975e-06,0.9999877,4.3118644e-06
372,8.150215e-05,1.6047472e-05,0.99990237
373,0.9999664,3.356374e-05,3.720798e-09
374,6.0941755e-05,7.4419644e-05,0.9998647
375,7.228116e-05,2.7582324e-05,0.9999002
376,6.993469e-05,8.611261e-06,0.99992144
377,7.781488e-06,0.9999814,1.0849441e-05
378,9.049821e-05,0.99990666,2.780354e-06
379,0.99999976,2.6377214e-07,3.4692052e-10
380,0.99997294,8.70898e-06,1.8410416e-05
381,0.9990169,0.0003188073,0.00066425826
382,0.0004906554,0.9990188,0.00049058994
383,0.99970275,0.00029712217,1.558132e-07
384,0.99995553,4.600615e-06,3.9804545e-05
385,4.7557314e-05,0.99993336,1.9097932e-05
386,0.9947543,0.004932317,0.00031342506
387,0.99978167,0.00021806477,2.1714077e-07
388,0.0003420782,0.99963,2.7984706e-05
389,0.0011079456,0.9987571,0.00013497352
390,0.99958354,5.7839698e-05,0.00035871987
391,3.4436327e-06,8.085171e-05,0.9999157
392,0.9982243,0.0017755984,1.1008025e-07
393,0.99961483,0.00035833803,2.6826943e-05
394,0.00022429535,0.9997645,1.1226077e-05
395,0.99974996,0.00012751558,0.000122523
396,0.9912855,0.00165632,0.007058232
397,0.99832255,0.0008235855,0.00085390115
398,2.2268473e-06,0.9999449,5.289761e-05
399,0.00021665943,0.00020718177,0.99957615
400,1.6656388e-05,9.808263e-06,0.99997354
401,0.00013366478,0.99985886,7.4121685e-06
402,0.00033396232,0.0001304503,0.99953556
403,0.00025452234,0.9996234,0.00012200671
404,6.9426765e-06,0.9998233,0.00016986458
405,0.99966085,0.00033874038,3.7851797e-07
406,0.9999881,9.18994e-06,2.685535e-06
407,0.9997985,0.00020151288,6.705901e-10
408,2.933768e-05,2.2216909e-07,0.99997044
409,0.0005447424,9.432104e-06,0.99944586
410,0.99999416,5.8255446e-06,1.811273e-08
411,0.0009629854,0.99878806,0.00024899395
412,1.9154637e-05,0.9999807,1.1036484e-07
413,0.00031752346,0.9994074,0.0002750519
414,0.9999708,2.8746086e-05,4.776896e-07
415,0.9999658,3.424128e-05,2.8475068e-08
416,1.3498442e-06,4.6229584e-08,0.9999987
417,7.528373e-05,0.9991659,0.0007588682
418,8.105022e-06,0.9999919,2.3288049e-08
419,2.2090228e-05,3.010507e-06,0.99997497
420,0.00016586775,0.999658,0.00017612705
421,0.00037534037,0.99938786,0.0002367608
422,0.9994079,0.00058862387,3.398059e-06
423,1.1005381e-05,9.630789e-08,0.9999889
424,0.99921215,0.00025822406,0.00052954914
425,7.815675e-05,0.99991286,8.94193e-06
426,4.2196603e-05,0.9998186,0.00013919987
427,0.99889296,0.0010499066,5.721642e-05
428,0.9999975,9.024999e-11,2.505281e-06
429,0.9999877,3.0674532e-06,9.155854e-06
430,0.0002757736,0.999718,6.1980877e-06
431,0.9996123,0.0003195283,6.830649e-05
432,0.99980515,4.6030427e-06,0.00019018944
433,0.9999324,2.7587788e-05,4.0060528e-05
434,0.0005705319,0.9989655,0.00046402338
435,0.00076829025,0.9991986,3.3109805e-05
436,0.9999759,1.6530385e-05,7.5581647e-06
437,1.0902933e-05,5.757086e-08,0.99998915
438,0.9999751,2.487248e-05,1.91352e-08
439,1.0,1.1585301e-15,3.440682e-12
440,0.00019158961,1.0651203e-05,0.9997979
441,0.99996865,3.111888e-05,1.9706383e-07
442,0.99999917,8.2728207e-07,4.695081e-08
443,0.9963313,0.0036652677,3.405274e-06
444,0.99996567,3.4157165e-05,1.1301561e-07
445,4.6867768e-05,0.99984384,0.00010923552
446,0.9999918,3.5529428e-07,7.917268e-06
447,2.5783453e-05,0.9999486,2.5610048e-05
448,0.9992205,3.127672e-05,0.00074820704
449,0.00014659364,0.9998411,1.2314209e-05
450,0.99748635,0.0024955356,1.8058516e-05
451,0.9976125,0.00207044,0.00031702424
452,0.0032472927,0.9966337,0.000119069795
453,0.9987764,7.9767256e-07,0.0012227376
454,1.33109625e-05,0.9999851,1.5677261e-06
455,1.922947e-05,0.9999651,1.568895e-05
456,0.00061555015,0.99875176,0.0006326244
457,0.0064493604,0.0014739815,0.99207675
458,0.00014989584,0.9998348,1.5275542e-05
459,5.8647136e-05,1.3811036e-05,0.9999275
460,0.00062587304,0.99913615,0.00023801971
461,0.98906904,0.0098367,0.0010942603
462,0.9997764,4.3060576e-05,0.00018056847
463,1.462412e-06,7.7802326e-08,0.99999845
464,0.99993134,1.4594111e-05,5.4062293e-05
465,1.0,2.745763e-08,1.7204903e-09
466,3.5972046e-06,7.811665e-08,0.9999963
467,7.314671e-05,0.9999267,1.5243606e-07
468,6.450368e-06,0.9999826,1.0917772e-05
469,0.9985599,0.0014093565,3.0687297e-05
470,0.99990225,7.110731e-05,2.6526626e-05
471,0.9994875,0.0005102456,2.301419e-06
472,0.00014158501,0.9998565,1.891293e-06
473,0.00046093247,0.99944085,9.823135e-05
474,0.0006407904,0.9993549,4.3492246e-06
475,0.9943948,6.801166e-06,0.005598458
476,2.784284e-05,0.9999721,2.5308722e-09
477,0.9996841,0.00024789746,6.80491e-05
478,0.99582255,0.004174382,3.1238792e-06
479,0.99999905,9.077617e-07,4.951011e-10
480,2.5221581e-05,0.9998636,0.00011114804
481,7.034689e-08,5.199253e-06,0.99999464
482,7.1394147e-06,0.99847764,0.0015152489
483,3.7955689e-10,2.9750396e-08,1.0
484,0.99975806,0.00023238729,9.543429e-06
485,2.400197e-07,4.3771968e-07,0.9999993
486,8.211259e-05,3.436136e-05,0.99988353
487,5.4734875e-07,0.99995506,4.4405115e-05
488,1.5564157e-05,0.9999814,3.0289573e-06
489,0.99999976,2.719791e-07,3.1770329e-09
490,0.0002545369,0.99969316,5.2390784e-05
491,0.9974717,0.0007595854,0.0017687673
492,0.000145868,0.99979407,6.013774e-05
493,0.99992037,7.9450845e-05,1.16877594e-07
494,0.00023487264,4.330219e-06,0.9997608
495,0.000433652,0.999566,3.0230325e-07
496,0.0001927308,0.99980384,3.4869531e-06
497,0.9999367,6.2595616e-05,7.6021405e-07
498,0.99990284,1.1110951e-05,8.606312e-05
499,1.3676325e-06,1.4040608e-09,0.9999987
500,0.0004047633,0.99959105,4.1893695e-06
501,0.9999169,8.311568e-05,1.1975223e-08
502,0.99828124,0.00070036424,0.0010184676
503,0.00018740645,0.9997433,6.935262e-05
504,0.9999789,2.1041085e-05,2.1465076e-10
505,0.9999956,6.794572e-07,3.655317e-06
506,0.00018643925,3.095779e-07,0.99981326
507,0.99997056,6.7779665e-06,2.2617303e-05
508,1.0,8.458639e-09,1.2873939e-09
509,3.6452086e-10,6.5962354e-08,0.9999999
510,9.188933e-07,0.99999905,5.4734855e-08
511,9.029784e-05,0.9998493,6.038918e-05
512,0.99998975,1.0269633e-05,8.732567e-09
513,0.0018236573,0.99801046,0.00016595185
514,0.00018140579,9.832705e-05,0.9997203
515,0.9966233,0.003255594,0.00012119611
516,0.9995896,0.0004101914,1.9672518e-07
517,1.310558e-05,0.99988675,0.00010013791
518,0.9996922,2.5637244e-05,0.00028215352
519,4.3995184e-05,0.9999559,9.439411e-08
520,1.0383268e-05,0.9999887,9.1770494e-07
521,0.99958795,0.00041205127,5.829412e-08
522,8.592561e-07,0.99999285,6.3454954e-06
523,0.001015893,0.998911,7.3072544e-05
524,4.01441e-06,0.9999951,8.673147e-07
525,0.99565244,0.0043155313,3.2072523e-05
526,2.2980694e-05,0.99995863,1.8378489e-05
527,0.9999298,6.9930546e-05,2.8235715e-07
528,0.99997354,2.1039385e-07,2.624682e-05
529,3.9522216e-05,1.638537e-05,0.9999441
530,3.4767786e-06,0.9999964,1.490596e-07
531,0.9999999,6.0909593e-09,1.3900214e-07
532,9.578586e-07,0.0010031941,0.99899584
533,0.00035000057,0.9996381,1.1917131e-05
534,0.0012495973,0.99874485,5.528044e-06
535,0.0001346471,2.7621595e-06,0.99986255
536,0.0057473336,0.99153054,0.0027221101
537,0.9818926,0.0031078456,0.0149995275
538,0.999962,4.4493888e-07,3.75607e-05
539,9.4573996e-05,0.9998956,9.8651035e-06
540,1.2358317e-05,4.570927e-07,0.9999871
541,0.0016977304,0.9982527,4.9589355e-05
542,0.99954283,0.00035608522,0.00010112073
543,0.0001299453,3.440365e-05,0.9998356
544,0.9997383,0.00026053365,1.1533865e-06
545,0.999923,7.52193e-05,1.7872823e-06
546,4.2334696e-06,3.918151e-06,0.9999918
547,0.9998839,0.00011566842,5.1265374e-07
548,0.9998903,2.7183748e-06,0.00010689257
549,8.3030915e-05,2.9834943e-14,0.9999169
550,1.0,2.1145368e-09,2.31597e-11
551,0.99560046,0.0035168477,0.00088267494
552,0.99999976,1.7920851e-07,3.0484306e-09
553,2.0709225e-05,6.0538714e-06,0.9999732
554,6.112747e-05,0.99993885,9.084146e-09
555,0.9936486,0.0054409034,0.0009104828
556,2.1494881e-05,1.1589224e-06,0.99997735
557,1.571269e-05,0.99993026,5.4071257e-05
558,9.404007e-05,0.99990463,1.2618995e-06
559,0.0001607925,0.99975353,8.561765e-05
560,0.00011031896,0.9998771,1.2522473e-05
561,0.0003512899,0.99961436,3.434104e-05
562,1.4102596e-05,0.9998957,9.017113e-05
563,2.8017953e-07,0.9998827,0.000117013005
564,0.00038366226,0.99958056,3.5743797e-05
565,0.9999994,4.2934724e-07,1.5015182e-07
566,0.9999244,7.506162e-05,4.8815906e-07
567,0.9997415,0.000257124,1.4237444e-06
568,0.99999416,5.8958894e-06,5.452694e-11
569,5.434286e-06,3.235194e-09,0.9999945
570,0.999995,5.028753e-06,1.8084809e-09
571,0.00011617485,0.9998828,9.564725e-07
572,0.9999453,5.4745156e-05,1.9639236e-08
573,0.999995,4.980533e-06,9.057526e-09
574,0.9999753,1.688994e-05,7.760911e-06
575,0.99998856,1.1395688e-05,3.7956704e-10
576,0.00024759842,6.0640014e-06,0.99974626
577,0.00022568594,9.091974e-05,0.9996834
578,2.6508294e-06,4.196882e-09,0.9999974
579,0.0001090167,9.891526e-07,0.99988997
580,0.99997115,4.399562e-06,2.4494388e-05
581,0.00028736427,0.9996667,4.5932044e-05
582,0.9999999,1.010779e-07,6.802681e-14
583,1.0,3.7113487e-08,7.5233114e-13
584,1.3014084e-05,0.9999838,3.2371918e-06
585,5.153995e-07,0.9999994,1.1541736e-07
586,4.610358e-05,0.9999515,2.4715941e-06
587,0.9999893,1.0413777e-05,4.0319568e-07
588,0.00033346078,0.99956423,0.00010233257
589,5.0235517e-06,3.019639e-06,0.999992
590,1.6091946e-06,2.3029104e-05,0.99997544
591,5.807184e-06,0.99999416,2.9045695e-09
592,2.825004e-06,1.0879138e-05,0.9999863
593,0.99999607,3.9405695e-06,7.836641e-09
594,0.99660254,0.0026949833,0.0007024835
595,0.9999776,1.8643397e-06,2.0469217e-05
596,0.99989307,0.00010318396,3.6705424e-06
597,0.9991309,1.2593367e-06,0.0008678567
598,1.7425772e-06,3.0021022e-07,0.99999785
599,1.0801939e-05,0.9999871,2.1058072e-06
600,0.9999989,8.846871e-08,1.0127604e-06
601,0.9997602,0.00022102243,1.8693543e-05
602,0.99900985,0.0009622546,2.7816659e-05
603,3.3852975e-05,0.99980754,0.00015862676
604,0.00010570975,0.99986684,2.7395408e-05
605,0.9999157,1.0020075e-05,7.4288844e-05
606,1.0362961e-05,0.9999881,1.5590206e-06
607,0.002023995,1.961797e-05,0.9979564
608,0.999979,2.0957037e-05,4.099879e-11
609,6.1677245e-05,0.9999021,3.6190435e-05
610,0.997726,0.0008729622,0.0014010065
611,0.99999607,3.8084406e-06,1.04313315e-07
612,0.0009789899,0.99901366,7.371819e-06
613,0.00013135254,4.4388386e-08,0.99986863
614,3.1870484e-05,0.99996483,3.333438e-06
615,1.836602e-05,0.999979,2.6324133e-06
616,3.924353e-06,0.99999607,6.282705e-08
617,0.0007718548,0.9986172,0.0006109354
618,0.99972135,0.00013739367,0.00014121446
619,0.9998783,4.092666e-05,8.0786405e-05
620,0.9999578,6.9413e-06,3.5324192e-05
621,0.00040734676,0.99956757,2.5050556e-05
622,0.00023438055,0.9997453,2.0254938e-05
623,2.3071034e-07,0.99999213,7.6156857e-06
624,0.00050188915,0.99836046,0.0011376359
625,0.99998915,1.08885515e-05,9.478069e-10
626,1.9515239e-05,2.7717774e-06,0.9999777
627,0.9990114,0.0009243333,6.418929e-05
628,0.9936335,0.0022926154,0.004073883
629,0.9999975,2.4780852e-06,1.0754278e-12
630,0.0014009584,0.99859744,1.6433513e-06
631,3.4323086e-06,0.9999664,3.023932e-05
632,0.9999043,9.266759e-05,3.1153647e-06
633,0.00021305084,0.9997384,4.8549926e-05
634,0.0005714991,0.99942833,1.5383985e-07
635,7.8764046e-05,5.4079933e-06,0.99991584
636,0.9999851,1.369058e-05,1.162407e-06
637,0.0007928322,0.99851793,0.0006892878
638,0.9994282,0.00046259654,0.000109157525
639,0.00047307374,0.99949014,3.67729e-05
640,6.8802833e-06,0.9999634,2.974351e-05
641,0.99931216,0.00068353716,4.250019e-06
642,0.0009698312,0.99897987,5.029806e-05
643,0.99996865,6.275781e-07,3.0748033e-05
644,0.000107880354,3.3379656e-06,0.9998888
645,0.99999654,2.363025e-06,1.0402255e-06
646,3.7595955e-06,0.99999464,1.6387737e-06
647,0.9999982,1.6430015e-06,8.9111516e-08
648,0.99953914,0.00042858132,3.2280273e-05
649,0.9999958,2.4913447e-07,3.896472e-06
650,0.00047564795,0.9994266,9.7750824e-05
651,8.452877e-06,8.154987e-08,0.9999914
652,9.116752e-05,5.3807355e-07,0.9999082
653,0.9999591,4.0805986e-05,1.5486359e-07
654,0.00016363637,0.99966264,0.00017377106
655,9.48257e-05,0.99988794,1.7162898e-05
656,0.00032638505,7.9745615e-09,0.9996736
657,0.9999062,2.4202884e-06,9.144572e-05
658,0.99999917,8.800578e-07,9.2708365e-09
659,0.9999851,1.3190646e-05,1.6444268e-06
660,6.936736e-05,3.6999278e-05,0.99989367
661,5.1795887e-05,0.9998841,6.407856e-05
662,0.9990269,0.0007100844,0.000263079
663,0.99869674,0.0012880198,1.5250169e-05
664,0.00016503013,0.9996001,0.00023489156
665,0.00039025897,0.9995809,2.8807233e-05
666,1.5276077e-05,6.6334935e-05,0.99991834
667,0.0005093634,0.99945074,3.983168e-05
668,0.00031643084,0.99963,5.3578282e-05
669,6.3046605e-07,1.3226023e-08,0.9999994
670,0.0005782412,1.5463278e-05,0.9994062
671,0.99999785,2.0954724e-06,4.9459112e-09
672,0.0019893642,0.9978508,0.00015982236
673,0.99999225,3.2541396e-07,7.3793776e-06
674,0.9997073,6.58175e-05,0.00022686247
675,6.469335e-06,8.3958906e-07,0.9999927
676,0.9997427,0.00025720667,1.5923385e-07
677,0.00011034874,0.99988854,1.0512722e-06
678,0.9970124,3.5278262e-07,0.0029872085
679,0.99982905,5.1403607e-05,0.00011957101
680,0.0003116817,1.5499788e-15,0.9996884
681,6.481746e-05,0.99989855,3.6600148e-05
682,1.5906655e-05,7.2273983e-06,0.9999769
683,0.00012383361,2.3137844e-07,0.9998759
684,0.00034853152,0.99964535,6.0603015e-06
685,5.266641e-05,4.7176065e-05,0.9999001
686,0.9988595,0.0011094623,3.103652e-05
687,0.9995116,0.00048691983,1.4221523e-06
688,0.99803454,0.00011077998,0.0018546486
689,1.5219065e-05,0.9999844,3.7886517e-07
690,2.0269852e-05,0.9999796,1.0219653e-07
691,0.99954766,0.00039656294,5.5788554e-05
692,0.9998882,0.000111085385,7.439889e-07
693,0.0029180408,0.99690706,0.00017494326
694,0.0015038786,0.9984509,4.5196648e-05
695,2.060282e-06,0.99999607,1.820363e-06
696,1.8660588e-06,7.6016526e-08,0.999998
697,0.9999653,3.2856853e-05,1.7820679e-06
698,0.9989718,0.0009765469,5.1738458e-05
699,0.99983704,0.00015977837,3.0704473e-06
700,0.99858403,2.7529864e-05,0.0013885009
701,0.9993973,0.00060053624,2.1977608e-06
702,0.0006078606,0.99935013,4.1987645e-05
703,0.99992895,5.746524e-05,1.3612337e-05
704,0.0003249454,0.9996656,9.449721e-06
705,0.99998045,1.9501209e-05,5.0498605e-09
706,0.00011686466,2.4491563e-05,0.99985874
707,0.99663144,0.0033453528,2.3174327e-05
708,0.00010024174,0.99989974,4.5985814e-08
709,0.001108382,0.998889,2.5888605e-06
710,0.99902165,0.00064362347,0.0003347498
711,3.836808e-05,2.859413e-05,0.999933
712,0.9998074,0.0001705394,2.2038532e-05
713,0.9997614,0.00023864159,9.821455e-10
714,9.426689e-05,8.542525e-06,0.9998971
715,0.9991621,0.0008362351,1.6348222e-06
716,0.0001386931,0.99986124,7.59447e-08
717,0.0010444339,0.9989477,7.964665e-06
718,0.99210703,0.001386314,0.006506601
719,4.56598e-05,0.9999542,9.948333e-08
720,0.00027920867,0.99971646,4.313804e-06
721,0.9975756,0.0024136403,1.0792262e-05
722,6.717661e-06,0.9999932,1.3140604e-07
723,0.99756914,0.0024172573,1.3559337e-05
724,1.1329742e-05,0.9999881,6.1041646e-07
725,0.99999964,3.7173075e-07,1.4281593e-10
726,9.372067e-08,0.99998486,1.50924725e-05
727,4.6620426e-05,2.1782923e-06,0.99995124
728,0.9999229,5.788776e-05,1.9228493e-05
729,7.820134e-06,4.5110173e-07,0.99999166
730,0.999652,0.00033930206,8.671043e-06
731,0.9999639,1.2903688e-05,2.3189346e-05
732,0.0010556818,0.9979948,0.0009495476
733,0.9999882,1.1824236e-05,1.4089723e-08
734,0.9998894,8.4832465e-07,0.00010981404
735,9.841095e-06,4.951779e-06,0.9999851
736,0.99999535,4.669423e-06,4.2466063e-08
737,2.3084123e-05,0.9999765,3.7132142e-07
738,0.001033234,1.4877675e-05,0.9989519
739,0.9991411,0.0007991604,5.9614344e-05
740,2.0762853e-07,0.99999976,1.5659126e-08
741,0.9987099,0.00039708978,0.0008930164
742,0.99740964,0.002587562,2.8581535e-06
743,0.994307,0.0056477445,4.524029e-05
744,0.99998415,1.4969785e-05,7.935769e-07
745,0.9999573,2.3606744e-05,1.9066434e-05
746,1.0,7.461886e-10,5.3155203e-16
747,0.9997938,9.001307e-05,0.00011625494
748,0.00011414083,4.2656637e-07,0.9998853
749,0.00092429644,0.9990645,1.1238767e-05
750,0.99993193,1.3881049e-06,6.660493e-05
751,3.9841175e-06,0.99998605,9.973169e-06
752,0.99887675,0.00035350522,0.0007696775
753,2.2435001e-06,1.6871779e-08,0.99999774
754,1.0,5.8373352e-08,1.3384487e-08
755,1.0194636e-06,5.6175384e-07,0.99999833
756,0.9999939,5.018825e-06,1.030213e-06
757,8.955609e-05,0.9998654,4.5064022e-05
758,5.0258024e-09,1.0,2.4288884e-08
759,2.3755287e-05,0.9998698,0.00010636465
760,0.999686,0.00030459446,9.473608e-06
761,0.9962202,0.0026615509,0.0011183319
762,0.9999622,3.2012136e-05,5.7457914e-06
763,0.00092591066,0.9989894,8.466572e-05
764,0.9999316,6.519896e-05,3.1861782e-06
765,0.9986098,0.0008766367,0.0005135892
766,0.99954295,0.0004236795,3.3329423e-05
767,0.00018322546,0.99978393,3.284613e-05
768,0.0006353184,0.99921274,0.00015194238
769,1.1033115e-06,0.99999726,1.6650613e-06
770,0.9999993,7.0574305e-07,3.5809182e-14
771,0.99966395,0.00033505677,9.5087677e-07
772,0.99995065,2.0662123e-05,2.8670218e-05
773,0.0006245126,0.9993393,3.621273e-05
774,1.4014981e-09,0.99999905,9.785114e-07
775,0.00052281615,0.9991591,0.0003181122
776,0.9963527,0.00032031,0.0033269543
777,0.0011789365,0.9987596,6.149137e-05
778,0.99999,1.000659e-05,1.4333483e-08
779,0.99966013,8.507501e-05,0.00025472738
780,0.99998736,8.9541e-06,3.6559425e-06
781,0.99987125,7.097454e-05,5.7848018e-05
782,0.9988593,0.0011028977,3.7859303e-05
783,5.2446685e-06,0.9999943,4.6847282e-07
784,6.870959e-05,3.5238874e-05,0.99989605
785,9.399449e-07,6.1006704e-06,0.99999297
786,0.00016107637,3.793478e-08,0.99983895
787,0.0016174769,0.9983198,6.272315e-05
788,0.00012672607,2.701095e-06,0.99987054
789,0.99999976,2.389915e-07,3.6953503e-11
790,2.6146772e-05,0.99977463,0.0001992672
791,0.000105084626,2.4675314e-06,0.99989235
792,0.9998816,0.0001184098,6.284697e-11
793,0.9996165,9.658429e-05,0.00028681924
794,0.9987362,0.0010421668,0.00022169214
795,3.567291e-05,0.99996424,8.278383e-08
796,3.0377961e-07,1.1669877e-06,0.99999845
797,0.99995923,2.8126333e-05,1.26738805e-05
798,0.0003334515,0.999666,5.4085785e-07
799,8.002507e-05,0.9999033,1.661627e-05
800,1.0019179e-13,1.0,2.7714264e-10
801,0.9999094,9.0637164e-05,2.8619272e-08
802,3.688121e-05,1.3889526e-07,0.99996305
803,3.8273116e-05,0.9997657,0.00019597921
804,0.99999535,3.370005e-06,1.2899498e-06
805,1.9563076e-10,0.9998165,0.00018355025
806,0.999984,1.6014228e-05,3.7349437e-08
807,0.9978841,0.0020400104,7.589213e-05
808,1.0574627e-05,8.4661775e-07,0.99998856
809,0.9993587,0.00051986234,0.00012145103
810,9.286184e-05,0.9996551,0.00025203376
811,0.00032233467,0.9996612,1.6499609e-05
812,0.9998933,1.517962e-10,0.00010672828
813,0.00030131332,2.8698785e-06,0.9996959
814,0.99981135,0.00013487716,5.3804455e-05
815,0.99997365,1.09370685e-05,1.5423444e-05
816,0.0023820037,0.9975575,6.0459464e-05
817,0.00034999647,0.99963546,1.451755e-05
818,0.00048428823,0.9986979,0.0008177977
819,6.272829e-06,0.9999707,2.3100594e-05
820,0.9974591,4.9215232e-05,0.0024917293
821,0.99999404,5.2082023e-06,7.59738e-07
822,0.000549551,0.9994386,1.1805786e-05
823,0.9998869,4.474782e-05,6.840297e-05
824,0.9999981,1.8521429e-06,7.624163e-11
825,0.9998872,0.00011119974,1.5941667e-06
826,0.9959045,0.0004925166,0.0036029455
827,3.1343276e-05,4.7076983e-06,0.999964
828,0.99070674,0.0030639176,0.0062293196
829,3.38332e-05,0.9999535,1.26239765e-05
830,1.8700696e-07,0.99999976,3.9138758e-08
831,2.2268125e-05,2.6481325e-07,0.99997747
832,0.0027110933,0.99728143,7.417016e-06
833,0.9999994,4.6293744e-07,1.09264334e-07
834,0.9991868,0.0008105652,2.5934953e-06
835,4.278553e-07,0.99999857,1.0583353e-06
836,0.9999988,1.291687e-07,1.0456564e-06
837,0.0001383479,0.9990652,0.00079647783
838,5.6638248e-05,0.9998987,4.4721215e-05
839,0.9999293,7.0678485e-05,2.293333e-10
840,7.200226e-05,0.9999099,1.8062625e-05
841,0.9999937,2.6957732e-06,3.5554356e-06
842,0.99711585,0.002812418,7.167463e-05
843,0.0001371484,0.999861,1.8236356e-06
844,0.00029366236,0.99970216,4.1260546e-06
845,0.00045735962,0.99953187,1.0784683e-05
846,0.9982216,0.00177159,6.812016e-06
847,0.9998313,0.00016172593,6.892114e-06
848,1.06402495e-05,0.9999429,4.6451838e-05
849,0.9985145,0.0014849904,4.4712996e-07
850,0.9998073,0.00015167437,4.1042964e-05
851,2.211331e-06,0.9999976,2.1971742e-07
852,8.990948e-06,1.5480091e-06,0.9999895
853,0.00019704858,0.99979824,4.7558024e-06
854,0.99831617,0.0015738349,0.00010991189
855,5.355314e-07,0.9999932,6.2507793e-06
856,0.9999882,1.141229e-05,3.242256e-07
857,0.001345049,0.99864143,1.3543604e-05
858,0.00010595122,0.99955934,0.00033474164
859,4.9225968e-05,3.3250632e-07,0.9999504
860,0.00061290717,0.9993749,1.2179219e-05
861,0.9988795,0.0011201486,3.1236985e-07
862,0.00026626838,0.9995173,0.00021645626
863,0.9936848,8.25938e-05,0.006232531
864,3.5119424e-06,1.9747613e-06,0.9999945
865,2.1809617e-06,0.9998503,0.00014757985
866,5.3277413e-06,1.2035117e-05,0.9999826
867,2.4151124e-05,1.3930481e-06,0.99997437
868,0.00025746736,0.9997037,3.878085e-05
869,0.0003531607,0.9996468,4.5288793e-08
870,0.99999547,4.062117e-07,4.1360913e-06
871,0.00029898054,3.0523083e-06,0.9996979
872,0.0006346505,1.0092002e-05,0.99935526
873,0.9999896,6.823707e-07,9.647573e-06
874,6.7581195e-06,6.145805e-07,0.9999926
875,2.0330658e-08,1.0,2.2558327e-10
876,0.00029226427,0.99968016,2.7626449e-05
877,0.99991024,8.973871e-05,6.9123955e-09
878,0.9994073,0.00052421103,6.856253e-05
879,0.0008881641,0.99901414,9.773677e-05
880,0.00013509646,0.9994685,0.00039637554
881,0.0003180164,0.99940515,0.00027683203
882,0.9996014,0.00038051544,1.8158109e-05
883,0.99999976,2.844668e-07,4.2864734e-09
884,0.9998504,6.2818894e-05,8.681748e-05
885,7.525605e-06,0.99999225,2.8018857e-07
886,6.410617e-05,0.9999192,1.6663571e-05
887,0.9985507,0.0014148178,3.442208e-05
888,0.0012222619,0.99877673,9.733621e-07
889,0.0001957992,0.99978715,1.7101533e-05
890,2.7201178e-05,3.6776544e-06,0.9999691
891,8.060267e-06,0.99993646,5.545933e-05
892,0.99991786,3.2441072e-05,4.96852e-05
893,0.9999968,3.2178762e-06,1.2891754e-10
894,1.0,1.2743316e-08,2.6775506e-13
895,0.99992454,3.044698e-05,4.5086115e-05
896,0.99992776,5.2191062e-05,2.004648e-05
897,0.999363,0.0006293374,7.660916e-06
898,0.99995995,5.3758104e-06,3.4679146e-05
899,0.99948776,0.00051218906,2.0679884e-08
900,0.9999956,2.6736126e-07,4.2027364e-06
901,0.00034413836,0.9993942,0.00026164815
902,5.812003e-06,8.50686e-05,0.99990904
903,0.0005591354,0.9994191,2.1790225e-05
904,0.99998474,1.4692578e-05,6.371455e-07
905,0.99993193,6.7077846e-05,9.203172e-07
906,3.8465918e-05,0.9998047,0.00015687682
907,5.9925424e-06,1.5733829e-06,0.9999925
908,0.0005886755,0.9994112,1.2179221e-07
909,0.99999857,2.1208995e-09,1.3809668e-06
910,3.816337e-06,0.99999595,2.10084e-07
911,0.99979395,0.00019015248,1.5920103e-05
912,0.99999654,2.0980441e-07,3.213527e-06
913,8.44705e-05,0.9999144,1.0870417e-06
914,0.0015195477,0.99773383,0.0007466241
915,0.99882644,0.0010344264,0.0001390616
916,0.00010607663,0.9998896,4.302816e-06
917,0.00019138539,0.99932957,0.00047908814
918,0.00011834217,0.9998815,8.1750514e-08
919,5.0489813e-05,0.99939823,0.00055131427
920,0.0005716586,0.9992549,0.00017346298
921,0.99829525,3.870026e-05,0.0016660824
922,0.9985868,0.0013954628,1.7780922e-05
923,0.9961008,0.002371309,0.0015278906
924,0.99862695,0.0009138531,0.00045931662
925,0.9992391,8.591138e-05,0.00067500403
926,0.9999995,4.2154556e-07,2.4962887e-09
927,0.99960107,0.0003024288,9.647583e-05
928,0.99160355,0.003838158,0.0045583644
929,0.99943453,0.00015093644,0.00041451686
930,0.00087702577,0.998944,0.00017895232
931,1.5526057e-07,0.99976975,0.00023007084
932,4.1717205e-05,0.9999567,1.4970395e-06
933,0.00019125814,1.8264282e-05,0.9997905
934,1.32772075e-05,2.5827108e-05,0.9999609
935,0.00054292293,0.00081212557,0.9986449
936,0.9997067,0.00015002106,0.00014321938
937,0.9995951,2.7575326e-05,0.0003773589
938,0.9998517,0.00011846668,2.9827728e-05
939,9.8015335e-05,5.6406756e-05,0.9998456
940,0.00017618657,0.9997602,6.358608e-05
941,8.1739054e-05,0.999734,0.00018421304
942,0.99974877,4.8452875e-05,0.00020269533
943,0.99723417,0.00276585,1.2570538e-08
944,3.4488756e-05,1.3931441e-06,0.9999641
945,2.0499533e-06,8.5964114e-10,0.999998
946,0.9999964,2.2783186e-06,1.3418028e-06
947,4.3070036e-09,1.3238036e-09,1.0
948,0.99983156,0.00016483365,3.5304968e-06
949,0.99999356,5.806223e-06,6.4442077e-07
950,0.99998283,6.1935125e-06,1.0971476e-05
951,0.00146405,0.9985354,5.3039844e-07
952,6.933723e-08,0.99999964,2.8607732e-07
953,0.9996598,0.00033971717,4.907368e-07
954,0.9966725,0.0033269718,4.1886284e-07
955,0.0007831084,0.99921,6.8387544e-06
956,0.99999726,6.07708e-08,2.655647e-06
957,0.99998856,1.08782325e-08,1.1412566e-05
958,1.570384e-05,0.99995434,2.992602e-05
959,0.00010991583,6.0468697e-06,0.999884
960,0.99988973,0.0001094373,8.192653e-07
961,5.6536308e-05,1.3390671e-05,0.99993014
962,0.0005018741,0.9994875,1.0572322e-05
963,0.0005951213,1.6772143e-05,0.9993881
964,0.999622,0.0003713394,6.6866724e-06
965,2.8470617e-05,0.99993765,3.3920278e-05
966,0.99988747,0.0001125596,1.0690957e-10
967,1.779382e-06,6.550598e-08,0.9999981
968,0.99965274,0.00027710406,7.022389e-05
